11111111111111111111111111111111111111111111111111111111111111111111111111111111111111111111111111111111111111111111111111111111111111111111111111111111111111111111111111111111111111111111111111111111111111111111111111111111111111111111111111111111111111111111111111111111111111111111111111111111111111111111111111111111
11111111111111111111111111111111111111111111111111111111111111111111111111111111111111111111111111111111111111111111111111111111111111111111111111111111111111111111111111111111111111111111111111111111111111111111111111111111111111111111111111111111111111111111111111111111111111111111111111111111111111111111111111111111
11111111111111111111111111111111111111111111111111111111111111111111111111111111111111111111111111111111111111111111111111111111111111111111111111111111111111111111111111111111111111111111111111111111111111111111111111111111111111111111111111111111111111111111111111111111111111111111111111111111111111111111111111111111
11111111111111111111111111111111111111111111111111111111111111111111111111111111111111111111111111111111111111111111111111111111111111111111111111111111111111111111111111111111111111111111111111111111111111111111111111111111111111111111111111111111111111111111111111111111111111111111111111111111111111111111111111111111
11111111111111111111111111111111111111111111111111111111111111111111111111111111111111111111111111111111111111111111111111111111111111111111111111111111111111111111111111111111111111111111111111111111111111111111111111111111111111111111111111111111111111111111111111111111111111111111111111111111111111111111111111111111
11111111111111111111111111111111111111111111111111111111111111111111111111111111111111111111111111111111111111111111111111111111111111111111111111111111111111111111111111111111111111111111111111111111111111111111111111111111111111111111111111111111111111111111111111111111111111111111111111111111111111111111111111111111
11111111111111111111111111111111111111111111111111111111111111111111111111111111111111111111111111111111111111111111111111111111111111111111111111111111111111111111111111111111111111111111111111111111111111111111111111111111111111111111111111111111111111111111111111111111111111111111111111111111111111111111111111111111
11111111111111111111111111111111111111111111111111111111111111111111111111111111111111111111111111111111111111111111111111111111111111111111111111111111111111111111111111111111111111111111111111111111111111111111111111111111111111111111111111111111111111111111111111111111111111111111111111111111111111111111111111111111
11111111111111111111111111111111111111111111111111111111111111111111111111111111111111111111111111111111111111111111111111111111111111111111111111111111111111111111111111111111111111111111111111111111111111111111111111111111111111111111111111111111111111111111111111111111111111111111111111111111111111111111111111111111
11111111111111111111111111111111111111111111111111111111111111111111111111111111111111111111111111111111111111111111111111111111111111111111111111111111111111111111111111111111111111111111111111111111111111111111111111111111111111111111111111111111111111111111111111111111111111111111111111111111111111111111111111111111
11111111111111111111111111111111111111111111111111111111111111111111111111111111111111111111111111111111111111111111111111111111111111111111111111111111111111111111111111111111111111111111111111111111111111111111111111111111111111111111111111111111111111111111111111111111111111111111111111111111111111111111111111111111
11111111111111111111111111111111111111111111111111111111111111111111111111111111111111111111111111111111111111111111111111111111111111111111111111111111111111111111100000000111111111111111111111111111111111111111111111111111111111111111111111111111111111111111111111111111111111111111111111111111111111111111111111111111
11111111111111111111111111111111111111111111111111111111111111111111111111111111111111111111111111111111111111111111111111111111111111111111000000000000000000000000000000000000001111111111111111111111111111111111111111111111111111111111111111111111111111111111111111111111111111111111111111111111111111111111111111111111
11111111111111111111111111111111111111111111111111111111111111111111111111111111111111111111111111111111111111111111111111111111111111110000000000000000000000000000000000000000000001111111111111111111111111111111111111111111111111111111111111111111111111111111111111111111111111111111111111111111111111111111111111111111
11111111111111111111111111111111111111111111111111111111111111111111111111111111111111111111111111111111111111111111111111111111111111000000000000000000000000000000000000000000000000001111111111111111111111111111111111111111111111111111111111111111111111111111111111111111111111111111111111111111111111111111111111111111
11111111111111111111111111111111111111111111111111111111111111111111111111111111111111111111111111111111111111111111111111111111111100000000000000000000000000000000000000000000000000000111111111111111111111111111111111111111111111111111111111111111111111111111111111111111111111111111111111111111111111111111111111111111
11111111111111111111111111111111111111111111111111111111111111111111111111111111111111111111111111111111111111111111111111111111111000000000000000000000000000000000000000000000000000000001111111111111111111111111111111111111111111111111111111111111111111111111111111111111111111111111111111111111111111111111111111111111
11111111111111111111111111111111111111111111111111111111111111111111111111111111111111111111111111111111111111111111111111111111110000000000000000000000000000000000000000000000000000000000111111111111111111111111111111111111111111111111111111111111111111111111111111111111111111111111111111111111111111111111111111111111
11111111111111111111111111111111111111111111111111111111111111111111111111111111111111111111111111111111111111111111111111111111000000000000000000000000000000000000000000000000000000000000011111111111111111111111111111111111111111111111111111111111111111111111111111111111111111111111111111111111111111111111111111111111
11111111111111111111111111111111111111111111111111111111111111111111111111111111111111111111111111111111111111111111111111111110000000000000000000000000000000000000000000000000000000000000001111111111111111111111111111111111111111111111111111111111111111111111111111111111111111111111111111111111111111111111111111111111
11111111111111111111111111111111111111111111111111111111111111111111111111111111111111111111111111111111111111111111111111111100000000000000000000000000000000000000000000000000000000000000000111111111111111111111111111111111111111111111111111111111111111111111111111111111111111111111111111111111111111111111111111111111
11111111111111111111111111111111111111111111111111111111111111111111111111111111111111111111111111111111111111111111111111111100000000000000000000000000000000000000000000000000000000000000000011111111111111111111111111111111111111111111111111111111111111111111111111111111111111111111111111111111111111111111111111111111
11111111111111111111111111111111111111111111111111111111111111111111111111111111111111111111111111111111111111111111111111111000000000000000000000000000000000000000000000000000000000000000000001111111111111111111111111111111111111111111111111111111111111111111111111111111111111111111111111111111111111111111111111111111
11111111111111111111111111111111111111111111111111111111111111111111111111111111111111111111111111111111111111111111111111110000000000000000000000000000000000000000000000000000000000000000000001111111111111111111111111111111111111111111111111111111111111111111111111111111111111111111111111111111111111111111111111111111
11111111111111111111111111111111111111111111111111111111111111111111111111111111111111111111111111111111111111111111111111110000000000000000000000000000000000000000000000000000000000000000000000111111111111111111111111111111111111111111111111111111111111111111111111111111111111111111111111111111111111111111111111111111
11111111111111111111111111111111111111111111111111111111111111111111111111111111111111111111111111111111111111111111111111100000000000000000000000000000000000000000000000000000000000000000000000011111111111111111111111111111111111111111111111111111111111111111111111111111111111111111111111111111111111111111111111111111
11111111111111111111111111111111111111111111111111111111111111111111111111111111111111111111111111111111111111111111111111100000000000000000000000000000000000000000000000000000000000000000000000011111111111111111111111111111111111111111111111111111111111111111111111111111111111111111111111111111111111111111111111111111
11111111111111111111111111111111111111111111111111111111111111111111111111111111111111111111111111111111111111111111111111000000000000000000000000000000000000000000000000000000000000000000000000001111111111111111111111111111111111111111111111111111111111111111111111111111111111111111111111111111111111111111111111111111
11111111111111111111111111111111111111111111111111111111111111111111111111111111111111111111111111111111111111111111111111000000000000000000000000000000000000000000000000000000000000000000000000001111111111111111111111111111111111111111111111111111111111111111111111111111111111111111111111111111111111111111111111111111
11111111111111111111111111111111111111111111111111111111111111111111111111111111111111111111111111111111111111111111111111000000000000000000000000000000000000000000000000000000000000000000000000001111000001111111111111111111111111111111111111111111111111111111111111111111111111111111111111111111111111111111111111111111
11111111111111111111111111111111111111111111111111111111111111111111111111111111111111111111111111111111111111111111111110000000000000000000000000000000000000000000000000000000000000000000000000000110000000011111000011111111111111111111111111111111111111111111111111111111111111111111111111111111111111111111111111111111
11111111111111111111111111111111111111111111111111111111111111111111111111111111111111111111111111111111111111111111111110000000000000000000000000000000000000000000000000000000000000000000000000000100000000000000000001111111111111111111111111111111111111111111111111111111111111111111111111111111111111111111111111111111
11111111111111111111111111111111111111111111111111111111111111111111111111111111111111111111111111111111111111111111111110000000000000000000000000000000000000000000000000000000000000000000000000000000000000000000000000011111111111111111111111111111111111111111111111111111111111111111111111111111111111111111111111111111
11111111111111111111111111111111111111111111111111111111111111111111111111111111111111111111111111111111111111111111111110000000000000000000000000000000000000000000000000000000000000000000000000000000000000000000000000011111111111111111111111111111111111111111111111111111111111111111111111111111111111111111111111111111
11111111111111111111111111111111111111111111111111111111111111111111111111111111111111111111111111111111111111111111111110000000000000000000000000000000000000000000000000000000000000000000000000000000000000000000000000001111111111111111111111111111111111111111111111111111111111111111111111111111111111111111111111111111
11111111111111111111111111111111111111111111111111111111111111111111111111111111111111111111111111111111111111111111111100000000000000000000000000000000000000000000000000000000000000000000000000000000000000000000000000001111111111111111111111111111111111111111111111111111111111111111111111111111111111111111111111111111
11111111111111111111111111111111111111111111111111111111111111111111111111111111111111111111111111111111111111111111111100000000000000000000000000000000000000000000000000000000000000000000000000000000000000000000000000000111111111111111111111111111111111111111111111111111111111111111111111111111111111111111111111111111
11111111111111111111111111111111111111111111111111111111111111111111111111111111111111111111111111111111111111111111111100000000000000000000000000000000000000000000000000000000000000000000000000000000000000000000000000000111111111111111111111111111111111111111111111111111111111111111111111111111111111111111111111111111
11111111111111111111111111111111111111111111111111111111111111111111111111111111111111111111111111111111111111111111111100000000000000000000000000000000000000000000000000000000000000000000000000000000000000000000000000000111111111111111111111111111111111111111111111111111111111111111111111111111111111111111111111111111
11111111111111111111111111111111111111111111111111111111111111111111111111111111111111111111111111111111111111111111111100000000000000000000000000000000000000000000000000000000000000000000000000000000000000000000000000000111111111111111111111111111111111111111111111111111111111111111111111111111111111111111111111111111
11111111111111111111111111111111111111111111111111111111111111111111111111111111111111111111111111111111111111111111111100000000000000000000000000000000000000000000000000000000000000000000000000000000000000000000000000000111111111111111111111111111111111111111111111111111111111111111111111111111111111111111111111111111
11111111111111111111111111111111111111111111111111111111111111111111111111111111111111111111111111111111111111111111111100000000000000000000000000000000000000000000000000000000000000000000000000000000000000000000000000000111111111111111111111111111111111111111111111111111111111111111111111111111111111111111111111111111
11111111111111111111111111111111111111111111111111111111111111111111111111111111111111111111111111111111111111111111111100000000000000000000000000000000000000000000000000000000000000000000000000000000000000000000000000000011111111111111111111111111111111111111111111111111111111111111111111111111111111111111111111111111
11111111111111111111111111111111111111111111111111111111111111111111111111111111111111111111111111111111111111111111111100000000000000000000000000000000000000000000000000000000000000000000000000000000000000000000000000000011111111111111111111111111111111111111111111111111111111111111111111111111111111111111111111111111
11111111111111111111111111111111111111111111111111111111111111111111111111111111111111111111111111111111111111111111111100000000000000000000000000000000000000000000000000000000000000000000000000000000000000000000000000000011111111111111111111111111111111111111111111111111111111111111111111111111111111111111111111111111
11111111111111111111111111111111111111111111111111111111111111111111111111111111111111111111111111111111111111111111111100000000000000000000000000000000000000000000000000000000000000000000000000000000000000000000000000000011111111111111111111111111111111111111111111111111111111111111111111111111111111111111111111111111
11111111111111111111111111111111111111111111111111111111111111111111111111111111111111111111111111111111111111111111111100000000000000000000000000000000000000000000000000000000000000000000000000000000000000000000000000000111111111111111111111111111111111111111111111111111111111111111111111111111111111111111111111111111
11111111111111111111111111111111111111111111111111111111111111111111111111111111111111111111111111111111111111111111111100000000000000000000000000000000000000000000000000000000000000000000000000000000000000000000000000000111111111111111111111111111111111111111111111111111111111111111111111111111111111111111111111111111
11111111111111111111111111111111111111111111111111111111111111111111111111111111111111111111111111111111111111111111111110000000000000000000000000000000000000000000000000000000000000000000000000000000000000000000000000000111111111111111111111111111111111111111111111111111111111111111111111111111111111111111111111111111
11111111111111111111111111111111111111111111111111111111111111111111111111111111111111111111111111111111111111111111111110000000000000000000000000000000000000000000000000000000000000000000000000000000000000000000000000000111111111111111111111111111111111111111111111111111111111111111111111111111111111111111111111111111
11111111111111111111111111111111111111111111111111111111111111111111111111111111111111111111111111111111111111111111111110000000000000000000000000000000000000000000000000000000000000000000000000000000000000000000000000000111111111111111111111111111111111111111111111111111111111111111111111111111111111111111111111111111
11111111111111111111111111111111111111111111111111111111111111111111111111111111111111111111111111111111111111111111111110000000000000000000000000000000000000000000000000000000000000000000000000000000000000000000000000000111111111111111111111111111111111111111111111111111111111111111111111111111111111111111111111111111
11111111111111111111111111111111111111111111111111111111111111111111111111111111111111111111111111111111111111111111111110000000000000000000000000000000000000000000000000000000000000000000000000000000000000000000000000000111111111111111111111111111111111111111111111111111111111111111111111111111111111111111111111111111
11111111111111111111111111111111111111111111111111111111111111111111111111111111111111111111111111111111111111111111111100000000000000000000000000000000000000000000000000000000000000000000000000000000000000000000000000000111111111111111111111111111111111111111111111111111111111111111111111111111111111111111111111111111
11111111111111111111111111111111111111111111111111111111111111111111111111111111111111111111111111111111111111111111111100000000000000000000000000000000000000000000000000000000000000000000000000000000000000000000000000000011111111111111111111111111111111111111111111111111111111111111111111111111111111111111111111111111
11111111111111111111111111111111111111111111111111111111111111111111111111111111111111111111111111111111111111111111111000000000000000000000000000000000000000000000000000000000000000000000000000000000000000000000000000000011111111111111111111111111111111111111111111111111111111111111111111111111111111111111111111111111
11111111111111111111111111111111111111111111111111111111111111111111111111111111111111111111111111111111111111111111110000000000000000000000000000000000000000000000000000000000000000000000000000000000000000000000000000000011111111111111111111111111111111111111111111111111111111111111111111111111111111111111111111111111
11111111111111111111111111111111111111111111111111111111111111111111111111111111111111111111111111111111111111111111100000000000000000000000000000000000000000000000000000000000000000000000000000000000000000000000000000000001111111111111111111111111111111111111111111111111111111111111111111111111111111111111111111111111
11111111111111111111111111111111111111111111111111111111111111111111111111111111111111111111111111111111111111111111000000000000000000000000000000000000000000000000000000000000000000000000000000000000000000000000000000000001111111111111111111111111111111111111111111111111111111111111111111111111111111111111111111111111
11111111111111111111111111111111111111111111111111111111111111111111111111111111111111111111111111111111111111111110000000000000000000000000000000000000000000000000000000000000000000000000000000000000000000000000000000000000111111111111111111111111111111111111111111111111111111111111111111111111111111111111111111111111
11111111111111111111111111111111111111111111111111111111111111111111111111111111111111111111111111111111111111111100000000000000000000000000000000000000000000000000000000000000000000000000000000000000100000000000000000000001111111111111111111111111111111111111111111111111111111111111111111111111111111111111111111111111
11111111111111111111111111111111111111111111111111111111111111111111111111111111111111111111111111111111111111000000000000000000000000000000000000000000000000000000000000000000000000000000000000000000110000000000000000000011111111111111111111111111111111111111111111111111111111111111111111111111111111111111111111111111
11111111111111111111111111111111111111111111111111111111111111111111111111111111111111111111111111111111111111000000000000000000000000000000000000000000000000000000000000000000000000000000000000000000110000000000000000011111111111111111111111111111111111111111111111111111111111111111111111111111111111111111111111111111
11111111111111111111111111111111111111111111111111111111111111111111111111111111111111111111111111111111111111000000000000000000000000000000000000000000000000000000000000000000000000000000000000000001110000000000000000111111111111111111111111111111111111111111111111111111111111111111111111111111111111111111111111111111
11111111111111111111111111111111111111111111111111111111111111111111111111111111111111111111111111111111111110000000000000000000000000000000000000000000000000000000000000000000000000000000000000000001110000000000000000011111111111111111111111111111111111111111111111111111111111111111111111111111111111111111111111111111
11111111111111111111111111111111111111111111111111111111111111111111111111111111111111111111111111111111111000000000000000000000000000000000000000000000000000000000000000000000000000000000000000000001110000000000000000011111111111111111111111111111111111111111111111111111111111111111111111111111111111111111111111111111
11111111111111111111111111111111111111111111111111111111111111111111111111111111111111111111111111111111111000000000000000000000000000000000000000000000000000000000000000000000000000000000000000000011110000000000000000001111111111111111111111111111111111111111111111111111111111111111111111111111111111111111111111111111
11111111111111111111111111111111111111111111111111111111111111111111111111111111111111111111111111111111111100000000000000000000000000000000000000000000000000000000000000000000000000000000000000000011110000000000000000001111111111111111111111111111111111111111111111111111111111111111111111111111111111111111111111111111
11111111111111111111111111111111111111111111111111111111111111111111111111111111111111111111111111111111111111000000000000000000000000000000000000000000000000000000000000000000000000000000000000000111110000000000000000001111111111111111111111111111111111111111111111111111111111111111111111111111111111111111111111111111
11111111111111111111111111111111111111111111111111111111111111111111111111111111111111111111111111111111111111100000000000000000000000000000000000000000000000000000000000000000000000000000000000000111110000000000000000000111111111111111111111111111111111111111111111111111111111111111111111111111111111111111111111111111
11111111111111111111111111111111111111111111111111111111111111111111111111111111111111111111111111111111111111111000000000000000000000000000000000000000000000000000000000000000000000000000000000001111110000000000000000000111111111111111111111111111111111111111111111111111111111111111111111111111111111111111111111111111
11111111111111111111111111111111111111111111111111111111111111111111111111111111111111111111111111111111111111111100000001000000000000000000000000000000000000000000000000000000000000000000000000001111111000000000000000000111111111111111111111111111111111111111111111111111111111111111111111111111111111111111111111111111
11111111111111111111111111111111111111111111111111111111111111111111111111111111111111111111111111111111111111111110000011100000000000000000000000000000000000000000000000000000000000000000000000001111110000000000000000000011111111111111111111111111111111111111111111111111111111111111111111111111111111111111111111111111
11111111111111111111111111111111111111111111111111111111111111111111111111111111111111111111111111111111111111111111100011100000000000000000000000000000000000000000000000000000000000000000000000001111110000000000000000000011111111111111111111111111111111111111111111111111111111111111111111111111111111111111111111111111
11111111111111111111111111111111111111111111111111111111111111111111111111111111111111111111111111111111111111111111111111100000000000000000000000000000000000000000000000000000000000000000000000001111110000000000000000000011111111111111111111111111111111111111111111111111111111111111111111111111111111111111111111111111
11111111111111111111111111111111111111111111111111111111111111111111111111111111111111111111111111111111111111111111111111100000000000000000000000000000000000000000000000000000000000000000000000001111110000000000000000000011111111111111111111111111111111111111111111111111111111111111111111111111111111111111111111111111
11111111111111111111111111111111111111111111111111111111111111111111111111111111111111111111111111111111111111111111111111100000000000000000000000000000000000000000000000000000000000000000000000001111110000000000000000000001111111111111111111111111111111111111111111111111111111111111111111111111111111111111111111111111
11111111111111111111111111111111111111111111111111111111111111111111111111111111111111111111111111111111111111111111111111000000000000000000000000000000000000000000000000000000000000000000000000001111110000000000000000000001111111111111111111111111111111111111111111111111111111111111111111111111111111111111111111111111
11111111111111111111111111111111111111111111111111111111111111111111111111111111111111111111111111111111111111111111111111000000000000000000000000000000000000000000000000000000000000000000000000000011110000000000000000000001111111111111111111111111111111111111111111111111111111111111111111111111111111111111111111111111
11111111111111111111111111111111111111111111111111111111111111111111111111111111111111111111111111111111111111111111111110000000000000000000000000000000000000000000000000000000000000000000000000000000110000000000000000000001111111111111111111111111111111111111111111111111111111111111111111111111111111111111111111111111
11111111111111111111111111111111111111111111111111111111111111111111111111111111111111111111111111111111111111111111111100000000000000000000000000000000000000000000000000000000000000000000000000110011110000000000000000000000111111111111111111111111111111111111111111111111111111111111111111111111111111111111111111111111
11111111111111111111111111111111111111111111111111111111111111111111111111111111111111111111111111111111111111111111111000110000000000000000000000000000000000000000000000000000000000000000000000011111110000000000000000000000111111111111111111111111111111111111111111111111111111111111111111111111111111111111111111111111
11111111111111111111111111111111111111111111111111111111111111111111111111111111111111111111111111111111111111111111111011110000000000000000000000000000000000000000000000000000000000000000000000011111110000000000000000000000111111111111111111111111111111111111111111111111111111111111111111111111111111111111111111111111
11111111111111111111111111111111111111111111111111111111111111111111111111111111111111111111111111111111111111111111111111110000000000000000000000000000000000000000000000000000000000000000000000011111110000000000000000000000111111111111111111111111111111111111111111111111111111111111111111111111111111111111111111111111
11111111111111111111111111111111111111111111111111111111111111111111111111111111111111111111111111111111111111111111111111110011000000000000000000000000000000000000000000000000000000000000000000011111110000000000000000000000111111111111111111111111111111111111111111111111111111111111111111111111111111111111111111111111
11111111111111111111111111111111111111111111111111111111111111111111111111111111111111111111111111111111111111111111111111110011000000000000000000000000000000000000000000000000000000000000000110011111110000000000000000000000011111111111111111111111111111111111111111111111111111111111111111111111111111111111111111111111
11111111111111111111111111111111111111111111111111111111111111111111111111111111111111111111111111111111111111111111111111110111000000000000000000000000000000000000000000000000000000000000000110001111110000000000000000000000011111111111111111111111111111111111111111111111111111111111111111111111111111111111111111111111
11111111111111111111111111111111111111111111111111111111111111111111111111111111111111111111111111111111111111111111111111111111100000000000000000000000000000000000000000000000000000000000000111001111110100000000000000000000011111111111111111111111111111111111111111111111111111111111111111111111111111111111111111111111
11111111111111111111111111111111111111111111111111111111111111111111111111111111111111111111111111111111111111111111111111111111100000000000000000000000000000000000000000000000000000000000101111101111110100000000000000000000011111111111111111111111111111111111111111111111111111111111111111111111111111111111111111111111
11111111111111111111111111111111111111111111111111111111111111111111111111111111111111111111111111111111111111111111111111111111111100000000000000000000000000000000000000000000000000000001111111111111110100000000000000000000011111111111111111111111111111111111111111111111111111111111111111111111111111111111111111111111
11111111111111111111111111111111111111111111111111111111111111111111111111111111111111111111111111111111111111111111111111111111111100000000000000000000000000000000000000000000000000000001111111111111110000000000000000000000001111111111111111111111111111111111111111111111111111111111111111111111111111111111111111111111
11111111111111111111111111111111111111111111111111111111111111111111111111111111111111111111111111111111111111111111111111111111111100000000000000000000000000000000000000000000000000000001111111111111110000000000000000000000111111111111111111111111111111111111111111111111111111111111111111111111111111111111111111111111
11111111111111111111111111111111111111111111111111111111111111111111111111111111111111111111111111111111111111111111111111111111111100000000000000000000000000000000000000000000000000001011111111111111111000000000000000000000111111111111111111111111111111111111111111111111111111111111111111111111111111111111111111111111
11111111111111111111111111111111111111111111111111111111111111111111111111111111111111111111111111111111111111111111111111111111111100001000001100000000000000000000000000000000000000001111111111111111111000000000000000000000111111111111111111111111111111111111111111111111111111111111111111111111111111111111111111111111
11111111111111111111111111111111111111111111111111111111111111111111111111111111111111111111111111111111111111111111111111111111111110001000011100000000000000000000000000000000100000001111111111111111111000000000000000000000111111111111111111111111111111111111111111111111111111111111111111111111111111111111111111111111
11111111111111111111111111111111111111111111111111111111111111111111111111111111111111111111111111111111111111111111111111111111111110001000011100000000001111111111000000000000100000101111111111111111111000000000000000000000111111111111111111111111111111111111111111111111111111111111111111111111111111111111111111111111
11111111111111111111111111111111111111111111111111111111111111111111111111111111111111111111111111111111111111111111111111111111111110011000111100100000000000000000000000010111100001101111111111111111111100000000000000000000111111111111111111111111111111111111111111111111111111111111111111111111111111111111111111111111
11111111111111111111111111111111111111111111111111111111111111111111111111111111111111111111111111111111111111111111111111111111111110011000111101111000000000000000000000110111100101111111111111111111111100000000000000000000111111111111111111111111111111111111111111111111111111111111111111111111111111111111111111111111
11111111111111111111111111111111111111111111111111111111111111111111111111111111111111111111111111111111111111111111111111111111111110111010111111111100000000000000000001111111101101111111111111111111111100000000000000000000111111111111111111111111111111111111111111111111111111111111111111111111111111111111111111111111
11111111111111111111111111111111111111111111111111111111111111111111111111111111111111111111111111111111111111111111111111111111111110111010111111110000000000000000000010111111101101111111111111111111111110000000000000000001111111111111111111111111111111111111111111111111111111111111111111111111111111111111111111111111
11111111111111111111111111111111111111111111111111111111111111111111111111111111111111111111111111111111111111111111111111111111111110111110111111110000000000000000000000011111101111111111111111111111111110000000000000000001111111111111111111111111111111111111111111111111111111111111111111111111111111111111111111111111
11111111111111111111111111111111111111111111111111111111111111111111111111111111111111111111111111111111111111111111111111111111111110111110111111110000000000000000000000011111101111111111111111111111111111000000000000000001111111111111111111111111111111111111111111111111111111111111111111111111111111111111111111111111
11111111111111111111111111111111111111111111111111111111111111111111111111111111111111111111111111111111111111111111111111111111111111111110111111110000000000000000000000111111101111111111111111111111111111000000000000000001111111111111111111111111111111111111111111111111111111111111111111111111111111111111111111111111
11111111111111111111111111111111111111111111111111111111111111111111111111111111111111111111111111111111111111111111111111111111111111111111111111111000000000000000000000111111101111111111111111111111111111000000000000000011111111111111111111111111111111111111111111111111111111111111111111111111111111111111111111111111
11111111111111111111111111111111111111111111111111111111111111111111111111111111111111111111111111111111111111111111111111111111111111111111111111111000000000000000000000111111111111111111111111111111111111000000000000000011111111111111111111111111111111111111111111111111111111111111111111111111111111111111111111111111
11111111111111111111111111111111111111111111111111111111111111111111111111111111111111111111111111111111111111111111111111111111111111111111111111111000000000000000000000111111111111111111111111111111111111000000000000000111111111111111111111111111111111111111111111111111111111111111111111111111111111111111111111111111
11111111111111111111111111111111111111111111111111111111111111111111111111111111111111111111111111111111111111111111111111111111111111111111111111110000000000000000000000111111111111111111111111111111111111100100000000010111111111111111111111111111111111111111111111111111111111111111111111111111111111111111111111111111
11111111111111111111111111111111111111111111111111111111111111111111111111111111111111111111111111111111111111111111111111111111111111111111111111100000000000000000000000011111111111111111111111111111111111101100000000010111111111111111111111111111111111111111111111111111111111111111111111111111111111111111111111111111
11111111111111111111111111111111111111111111111111111111111111111111111111111111111111111111111111111111111111111111111111111111111111111111111110000000000000000000000000000111111111111111111111111111111111101100000000101111111111111111111111111111111111111111111111111111111111111111111111111111111111111111111111111111
11111111111111111111111111111111111111111111111111111111111111111111111111111111111111111111111111111111111111111111111111111111111111111111111000000000000000000000000000000000111111111111111111111111111111101100000000001111111111111111111111111111111111111111111111111111111111111111111111111100011111111111111111111111
11111111111111111111111111111111111111111111111111111111111111111111111111111111111111111111111111111111111111111111111111111111111111111111100000000000000000000000000000000000001111111111111111111111111111101100000000001111111111111111111111111111111111111111111111111111111111111111111111110000001111111111111111111111
11111111111111111111111000111111111111111111111111111111111111111111111111111111111111111111111111111111111111111111111111111111111111111100000000000000000000000000000000000000000011111111111111111111111111111100000000011111111111111111111111111111111111111111111111111111111111111111111111000000000111111111111111111111
11111111111111111111100000001111111111111111111111111111111111111111111111111111111111111111111111111111111111111111111111111111111111110000000000000000000000000000000000000000000000111111111111111111111111111100000001111111111111111111111111111111111111111111111111111111111111111111111100000000000011111111111111111111
11111111111111111111000000000011111111111111111111111111111111111111111111111111111111111111111111111111111111111111111111111111111111000000000000000000000000000000000000000000000000001111111111111111111111111100001011111111111111111111111111111111111111111111111111111111111111111111100000000000000001111111111111111111
11111111111111111110000000000000111111111111111111111111111111111111111111111111111111111111111111111111111111111111111111111111111110000000000000000000000000000000000000000000000000000111111111111111111111111110111011111111111111111111111111111111111111111111111111111111111111111110000000000000000000111111111111111111
11111111111111111100000000000000000111111111111111111111111111111111111111111111111111111111111111111111111111111111111111111111111100000000000000000000000000000000000000000000000000000001111111111111111111111111111011111111111111111111111111111111111111111111111111111111111111110000000000000000000000011111111111111111
11111111111111111000000000000000000001111111111111111111111111111111111111111111111111111111111111111111111111111111111111111111110000000000000000000000000000000000000000000000000000000000111111111111111111111111111111111111111111111111111111111111111111111111111111111111111111000000000000000000000000001111111111111111
11111111111111110000000000000000000000001111111111111111111111111111111111111111111111111111111111111111111111111111111111111111100000000000000000000000000000000000000000000000000000000000111111111111111111111111111111111111111111111111111111111111111111111111111111111111111100000000000000000110000000000111111111111111
11111111111111100000000000000000000000000011111111111111111111111111111111111111111111111111111111111111111111111111111111111111100000000000000000000000000000000000000000000000000000000000011111111111111111111111111111111111111111111111111111111111111111111111111111111111110000000000000000011111000000000011111111111111
11111111111111000000000011100000000000000000111111111111111111111111111111111111111111111111111111111111111111111111111111111111000000000000000000000000000000000000000000000000000000000000001111111111111111111111111111111111111111111111111111111111111111111111111111111110000000000000000000111111100000000001111111111111
11111111111110000000000111111000000000000000001111111111111111111111111111111111111111111111111111111111111111111111111111111110000000000000000000000000000000000000000000000000000000000000000111111111111111111111111111111111111111111111111111111111111111111111111111111000000000000000000011111111110000000000111111111111
11111111111100000000001111111110000000000000000001111111111111111111111111111111111111111111111111111111111111111111111111111100000000000000000000000000000000000000000000000000000000000000000111111111111111111111111111111111111111111111111111111111111111111111111111100000000000000000001111111111111000000000011111111111
11111111111000000000011111111111000000000000000000011111111111111111111111111111111111111111111111111111111111111111111111111100000000000000000000000000000000000000000000000000000000000000000011111111111111111111111111111111111111111111111111111111111111111111111111000000000000000000111111111111111000000000001111111111
11111111110000000000011111111111110000000000000000000111111111111111111111111111111111111111111111111111111111111111111111111000000000000000000000000000000000000000000000000000000000000000000001111111111111111111111111111111111111111111111111111111111111111111111100000000000000000111111111111111111110000000000011111111
11111111100000000000111111111111111110000000000000000001111111111111111111111111111111111111111111111111111111111111111111110000000000000000000000000000000000000000000000000000000000000000000000111111111111111111111111111111111111111111111111111111111111111111110000000000000000001111111111111111111110000000000001111111
11111111000000000001111111111111111111100000000000000000111111111111111111111111111111111111111111111111111111111111111111110000000000000000000000000000000000000000000000000000000000000000000000011111111111111111111111111111111111111111111111111111111111111111000000000000000000001111111111111111111111000000000000111111
11111110000000000011111111111111111111110000000000000000001111111111111111111111111111111111111111111111111111111111111111100000000000000000000000000000000000000000000000000000000000000000000000001111111111111111111111111111111111111111111111111111111111111100000000000001100000001111111111111111111110000000000000011111
11111100000000000011111111111111111111100000000000000000000011111111111111111111111111111111111111111111111111111111111111000000000000000000000000000000000000000000000000000000000000000000000000000111111111111111111111111111111111111111111111111111111111110000000000001111100000001111111111111111111110000000000000001111
11111000000000000011111111111111111111100000001111000000000000111111111111111111111111111111111111111111111111111111111110000000000000000000000000000000000000000000000000000000000000000000000000000111111111111111111111111111111111111111111111111111111111100000000000111111000000000111111111111111111100000000000000000011
11110000000000000001111111111111111111100000001111111000000000001111111111111111111111111111111111111111111111111111111110000000000000000000000000000000000000000000000000000000000000000000000000000011111111111111111111111111111111111111111111111111111110000000000011111110000000000111111111111111111100000000000000000001
11000000000000000001111111111111111111100000000111111110000000000011111111111111111111111111111111111111111111111111111100000000000000000000000000000000000000000000000000000000000000000000000000000001111111111111111111111111111111111111111111111111111000000000001111111100000000000011111111111111111100000000000000000000
10000000000000000001111111111111111111000000000011111111000000000000111111111111111111111111111111111111111111111111111000000000000000000000000000000000000000000000000000000000000000000000000000000000111111111111000111111111111111111111111111111111100000000000011111111100000000000011111111111111111000000011000000000000
00000000000000000000111111111111111110000000000001111111110000000000001111111111111111111111111111111110000011111111110000000000000000000000000000000000000000000000000000000000000000000000000000000000011111111000000000111111111111111111111111111110000000000001111111111000000000000001111111111111100000000011100000000000
00000000000011000000011111111111111110000000000001111111111100000000000011111111111111111111111111110000000000001111100000000000000000000000000000000000000000000000000000000000000000000000000000000000011100000000000000000011111111111111111111110000000000000111111111111000000000000001111111111111000000000001110000000000
00000000000110000000001111111111111110000000000000111111111110000000000000011111111111111111111100000000000000000000000000000000000000000000000000000000000000000000000000000000000000000000000000000000000000000000000000000000000011111111111100000000000000001111111111111000000000000001111111111111000000000000111000000000
00000000001100000000000111111111111100000000000000111111111111100000000000000000111111111100000000000000000000000000000000000000000000000000000000000000000000000000000000000000000000000000000000000000000000000000000000000000000000000000000000000000000000011111111111110000000000000000111111111110000000000000111100000000
00000000011000000000000011111111111100000000000000011111111111110000000000000000000000000000000000000000000000000000000000000000000000000000000000000000000000000000000000000000000000000000000000000000000000000000000000000000000000000000000000000000000001111111111111100000000000000000111111111110000000000000011110000000
00000000111000000000000011111111111000000000000000011111111111111100000000000000000000000000000000000000000000000000000000000000000000000000000000000000000000000000000000000000000000000000000000000000000000000000000000000000000000000000000000000000000011111111111111100000000000000000111111111100000000000000011111100000
00000001111000000000000001111111111000000000000000001111111111111110000000000000000000000000000000000000000000000000000000000000000000000000000000000000000000000000000000000000000000000000000000000000000000000000000000000000000000000000000000000000000011111111111111100000000000000000011111111100000000000000011111110000
00000111110000000000000001111111111000000000000000001111111111111110000000000000000000000000000000000000000000000000000000000000000000000000000000000000000000000000000000000000000000000000000000000000000000000000000000000000000000000000000000000000000011111111111111100000000000000000011111111000000000000000011111111000
00001111110000000000000000111111110000000000000000001111111111111110000000000000000000000000000000000000000000000000000000000000000000000000000000000000000000000000000000000000000000000000000000000000000000011111111111000000011111111111111111111000000011111111111111100000000000000000011111110000000000000000001111111110
00011111110000000000000000111111110000000000000000001111111111111110000000111111111111111111110000001111111111110000000000000000000000000000000000000000000000000000000000000000000000000000000000000000000000111111111111100000011111111111111111111000000001111111111111100000000000000000111111110000000000000000001111111111
01111111110000000000000000011111110000000000000000001111111111111110000000111111111111111111111000001111111111111000000000000000000000000000000000000000000000000000000000000000000000000000000000000000000000111111111111100000011111111111111111110000000000111111111111100000000000000000111111110000000000000000001111111111
11111111100000000000000000011111111000000000000000001111111111111100000000011111111111111111110000000111111111111000000000000000000000000000000000000000000000000000000000000000000000000000000000000000000001111111111110000000001111111111111111110000000000011111111111100000000000000000111111110000000000000000001111111111
11111111100000000000000000011111111000000000000000001111111111111000000000001111111111111111100000000011111111111000000000000000000000000000000000000000000000000000000000000000000000000000000000000000000001111111111100000000000111111111111111100000000000011111111111110000000000000001111111110000000000000000001111111111
11111111100000000000000000011111111000000000000000001111111111110000000000001111111111111111000000000001111111111100000000000000000000000000000000000000000000000000000000000000000000000000000000000000000111111111111100000000000011111111111111000000000000011111111111110000000000000001111111110000000000000000001111111111
11111111100000000000000000011111111100000000000000011111111111110000000000000111111111111110000000000001111111111110000000000000000000000000000000000000000000000000000000000000000000000000000000000000001111111111111000000000000011111111111111000000000000001111111111110000000000000001111111111000000000000000011111111111
11111111100000000000000000011111111100000000000000011111111111110000000000000111111111111110000000000000111111111111000000000000000000000000000000000000000000000000000000000000000000000000000000000000001111111111111000000000000001111111111110000000000000001111111111110000000000000011111111111000000000000000011111111111
11111111110000000000000000011111111100000000000000011111111111100000000000000011111111111110000000000000111111111111000000000000000000000000000000000000000000000000000000000000000000000000000000000000000111111111111000000000000001111111111110000000000000001111111111110000000000000011111111111000000000000000011111111111
11111111110000000000000000111111111110000000000000011111111111100000000000000011111111111100000000000000111111111110000000000000000000000000000000000000000000000000000000000000000000000000000000000000000011111111110000000000000001111111111100000000000000000111111111110000000000000011111111111000000000000000111111111111
11111111110000000000000000111111111110000000000000011111111111100000000000000001111111111100000000000000011111111100000000000000000000000000000000000000000000000000000000000000000000000000000000000000000001111111110000000000000001111111111100000000000000000111111111111000000000000111111111111000000000000000111111111111
11111111111000000000000000111111111110000000000000011111111111000000000000000001111111111100000000000000011111111000000000000000000000000000000000000000000000000000000000000000000000000000000000000000000000111111110000000000000000111111111100000000000000000111111111111000000000000111111111111000000000000001111111111111
11111111111000000000000000111111111111000000000000011111111111000000000000000000111111111000000000000000001111100000000000000000000000000000000000000000000000000000000000000000000000000000000000000000000000011111100000000000000000111111111100000000000000000111111111111000000000000111111111111000000000000001111111111111
11111111111000000000000000111111111111000000000000111111111111000000000000000000111111111000000000000000001111110000000000000000000000000000000000000000000000000000000000000000000000000000000000000000000000111111100000000000000000111111111100000000000000000111111111111000000000001111111111111000000000000001111111111111
11111111111100000000000000111111111111000000000000111111111111000000000000000001111111111000000000000000001111110000000000000000000000000000000000000000000000000000000000000000000000000000000000000000000001111111100000000000000000111111111100000000000000000111111111111000000000001111111111111100000000000011111111111110
11111111111100000000000000111111111111100000000000111111111111000000000000000001111111111000000000000000001111111100000000000000000000000000000000000000000000000000000000000000000000000000000000000000000111111111100000000000000000111111111100000000000000000111111111111000000000011111111111111100000000000011111111111100
11111111111100000000000001111111111111100000000000111111111111000000000000000001111111111000000000000000001111111111000000000000000000000000000000000000000000000000000000000000000000000000000000000000001111111111100000000000000000111111111100000000000000000111111111111000000000011111111111111100000000000011111111111100
01111111111110000000000001111111111111100000000000111111111111000000000000000001111111111000000000000000001111111111000000000000000000000000000000000000000000000000000000000000000000000000000000000000001111111111110000000000000000111111111110000000000000001111111111111100000000011111111111111100000000000111111111111000
01111111111110000000000001111111111111100000000001111111111111100000000000000011111111111000000000000000011111111111000000000000000000000000000000000000000000000000000000000000000000000000000000000000000111111111110000000000000000111111111110000000000000001111111111111100000000111111111111111100000000000111111111111000
00111111111110000000000001111111111111110000000001111111111111100000000000000011111111111000000000000000011111111110000000000000000000000000000000000000000000000000000000000000000000000000000000000000000111111111110000000000000001111111111110000000000000001111111111111100000000111111111111111100000000001111111111111000
00111111111111000000000001111111111111110000000001111111111111100000000000000011111111111100000000000000011111111110000000000000000000000000000000000000000000000000000000000000000000000000000000000000000111111111110000000000000001111111111110000000000000011111111111111100000000111111111111111100000000001111111111111000
00111111111111000000000001111111111111111000000001111111111111110000000000000011111111111100000000000000011111111110000000000000000000000000000000000000000000000000000000000000000000000000000000000000000111111111111000000000000001111111111110000000000000011111111111111100000001111111111111111100000000001111111111111000
00111111111111000000000011111111111111111000000001111111111111110000000000000011111111111100000000000000111111111110000000000000000000000000000000000000000000000000000000000000000000000000000000000000000011111111111000000000000001111111111110000000000000011111111111111100000001111111111111111110000000011111111111111000
00111111111111100000000011111111111111111000000001111111111111110000000000000011111111111100000000000000111111111100000000000000000000000000000000000000000000000000000000000000000000000000000000000000000011111111111000000000000011111111111111000000000000111111111111111100000001111111111111111110000000011111111111111000
00111111111111100000000011111111111111111000000001111111111111110000000000000011111111111100000000000000111111111100000000000000000000000000000000000000000000000000000000000000000000000000000000000000000011111111111000000000000011111111111111000000000000111111111111111110000011111111111111111110000000111111111111111000
00111111111111100000000011111111111111111100000011111111111111111000000000000111111111111110000000000000111111111100000000000000000000000000000000000000000000000000000000000000000000000000000000000000000001111111111100000000000011111111111111000000000000111111111111111110000011111111111111111110000000111111111111111000
00111111111111110000000011111111111111111100000011111111111111111000000000000111111111111110000000000001111111111000000000000000000000000000000000000000000000000000000000000000000000000000000000000000000001111111111100000000000011111111111111000000000001111111111111111110000011111111111111111110000001111111111111111100
00111111111111110000000011111111111111111100000011111111111111111000000000000111111111111110000000000001111111111000000000000000000000000000000000000000000000000000000000000000000000000000000000000000000001111111111100000000000111111111111111000000000001111111111111111110000111111111111111111110000001111111111111111100
01111111111111110000000111111111111111111110000011111111111111111100000000000111111111111110000000000001111111111000000000000000000000000000000000000000000000000000000000000000000000000000000000000000000000111111111100000000000111111111111111100000000001111111111111111110000111111111111111111110000001111111111111111100
01111111111111111000000111111111111111111110000011111111111111111100000000000111111111111111000000000001111111111000000000000000000000000000000000000000000000000000000000000000000000000000000000000000000000111111111110000000000111111111111111100000000011111111111111111110000111111111111111111110000011111111111111111100
01111111111111111000000111111111111111111110000111111111111111111100000000001111111111111111000000000011111111110000000000000000000000000000000000000000000000000000000000000000000000000000000000000000000000111111111110000000000111111111111111100000000011111111111111111111001111111111111111111111000011111111111111111100
01111111111111111000000111111111111111111111000111111111111111111100000000001111111111111111000000000011111111110000000000000000000000000000000000000000000000000000000000000000000000000000000000000000000000111111111110000000001111111111111111100000000011111111111111111111001111111111111111111111000011111111111111111100
01111111111111111100000111111111111111111111000111111111111111111110000000001111111111111111000000000011111111110000000000000000000000000000000000000000000000000000000000000000000000000000000000000000000000111111111110000000001111111111111111100000000111111111111111111111011111111111111111111111000111111111111111111100
01111111111111111100000111111111111111111111000111111111111111111110000000001111111111111111000000000011111111110000000000000000000000000000000000000000000000000000000000000000000000000000000000000000000000111111111111000000001111111111111111100000000111111111111111111111111111111111111111111111000111111111111111111100
01111111111111111110001111111111111111111111100111111111111111111110000000001111111111111111100000000111111111100000000000000000000000000000000000000000000000000000000000000000000000000000000000000000000000011111111111000000001111111111111111110000000111111111111111111111111111111111111111111111001111111111111111111100
11111111111111111110001111111111111111111111101111111111111111111111000000001111111111111111100000000111111111100000000000000000000000000000000000000000000000000000000000000000000000000000000000000000000000011111111111000000001111111111111111110000000111111111111111111111111111111111111111111111001111111111111111111100
11111111111111111110001111111111111111111111111111111111111111111111000000011111111111111111100000000111111111100000000000000000000000000000000000000000000000000000000000000000000000000000000000000000000000011111111111000000011111111111111111110000001111111111111111111111111111111111111111111111111111111111111111111100
11111111111111111110001111111111111111111111111111111111111111111111000000011111111111111111100000000111111111100000000000000000000000000000000000000000000000000000000000000000000000000000000000000000000000011111111111100000011111111111111111110000001111111111111111111111111111111111111111111111111111111111111111111100
11111111111111111111011111111111111111111111111111111111111111111111000000011111111111111111110000001111111111100000000000000000010000000000000000000000000000000000000000000000000000000000000000000000000000011111111111100000011111111111111111110000011111111111111111111111111111111111111111111111111111111111111111111110
11111111111111111111111111111111111111111111111111111111111111111111100000011111111111111111110000001111111111100000000000000000010000000000000000000000000000000000000000000000000000000000001000000000000000011111111111100000111111111111111111110000011111111111111111111111111111111111111111111111111111111111111111111110
11111111111111111111111111111111111111111111111111111111111111111111100000111111111111111111110000001111111111100000000000000000110000000000000000000000000000000000000000000000000000000000001000000000000000011111111111100000111111111111111111111000011111111111111111111111111111111111111111111111111111111111111111111110
11111111111111111111111111111111111111111111111111111111111111111111100000111111111111111111110000001111111111100000000000000000110000000000000000000000000000000000000000000000000000000000011000000000000000011111111111110000111111111111111111111000111111111111111111111111111111111111111111111111111111111111111111111110
11111111111111111111111111111111111111111111111111111111111111111111110000111111111111111111110000011111111111000000000000000000110000000000000000000000000000000000000000000000000000000000011100000000000000001111111111110000111111111111111111111000111111111111111111111111111111111111111111111111111111111111111111111110
11111111111111111111111111111111111111111111111111111111111111111111110000111111111111111111110000011111111100000000000000000000110000000000000000000000000000000000000000000000000000000000011100000000000000000001111111110000111111111111111111111000111111111111111111111111111111111111111111111111111111111111111111111110
11111111111111111111111111111111111111111111111111111111111111111111110000111111111111111111111000011111110000000000000000000001110000000000000000000000000000000000000000000000000000000000011100000000000000000000011111110001111111111111111111111001111111111111111111111111111111111111111111111111111111111111111111111110
11111111111111111111111111111111111111111111111111111111111111111111110000111111111111111111111000011110000000000000000000000001110000000000000000000000000000000000000000000000000000000000011100000000000000000000000111111001111111111111111111111101111111111111111111111111111111111111111111111111111111111111111111111110
11111111111111111111111111111111111111111111111111111111111111111111111001111111111111111111111000111000000000000000000000000001111000000000000000000000000000000000000000000000000000000000011110000000000000000000000000111001111111111111111111111111111111111111111111111111111111111111111111111111111111111111111111111110
11111111111111111111111111111111111111111111111111111111111111111111111001111111111111111111111100000000000000000000000000000011111000000000000000000000000000000000000000000000000000000000011110000000000000000000000000001111111111111111111111111111111111111111111111111111111111111111111111111111111111111111111111111110
11111111111111111111111111111111111111111111111111111111111111111111111111111111111111111111111100000000000000000000000000000011111000000000000000000000000000000000000000000000000000000000011111000000000000000000000000000011111111111111111111111111111111111111111111111111111111111111111111111111111111111111111111111111
11111111111111111111111111111111111111111111111111111111111111111111111111111111111111111111111000000000000000000000000000011111111000000000000000000000000000000000000000000000000000000000011111100000000000000000000000000000111111111111111111111111111111111111111111111111111111111111111111111111111111111111111111111111
11111111111111111111111111111111111111111111111111111111111111111111111111111111111111111111110000000000000000000000000000011111111000000000000000000000000000000000000000000000000000000000011111100000000000000000000000000000000111111111111111111111111111111111111111111111111111111111111111111111111111111111111111111111
11111111111111111111111111111111111111111111111111111111111111111111111111111111111111111111000000000000000000000000000000111111111000000000000000000000000000000000000000000000000000000000011111100000000000000000000000000000000001111111111111111111111111111111111111111111111111111111111111111111111111111111111111111111
11111111111111111111111111111111111111111111111111111111111111111111111111111111111111111100000000000000000000000000000000111111110000000000000000000000000000000000000000000000000000000000011111110000000000000000000000000000000000011111111111111111111111111111111111111111111111111111111111111111111111111111111111111111
11111111111111111111111111111111111111111111111111111111111111111111111111111111111111110000000000000000000000000000000001111111110000000000000000000000000000000000000000000000000000000000011111111000000000000000000000000000000000000011111111111111111111111111111111111111111111111111111111111111111111111111111111111111
11111111111111111111111111111111111111111111111111000000000011111111111111111111111111000000000000000000000000000000000011111111110000000000000000000000000000000000000000000000000000000000011111111000000000000000000000000000000000000000111111111110000000000000000000011111111111111111111111111111111111111111111111111111
11111111111111111111111111111111111111111111111100000000000000000111111111111111111100000000000000000000000000000000000011111111110000000000000000000000000000000000000000000000000000000000011111111100000000000000000000000000000000000000000111110000000000000000000000000011111111111111111111111111111111111111111111111111
11111111111111111111111111111111111111111111111000000000000000000000011111111111110000000000000000000000000000000000001111111111110000000000000000000000000000000000000000000000000000000000011111111110000000000000000000000000000000000000000000000000000000000000000000000001111111111111111111111111111111111111111111111111
11111111111111111111111111111111111111111111111000000000000000000000000011111111000000000000000000000000000000000000011111111111110000000000000000000000000000000000000000000000000000000000001111111111000000000000000000000000000000000000000000000000000000000000000000000001111111111111111111111111111111111111111111111111
11111111111111111111111111111111111111111111111100000000000000000000000000111100000000000000000000000000000000000000111111111111110000000000000000000000000000000000000000000000000000000000001111111111110000000000000000000000000000000000000000000000000000000000000000000001111111111111111111111111111111111111111111111111
11111111111111111111111111111111111111111111111110001110000000000000000000000000000000000000000000000000000000000011111111111111110000000000000000000000000000000000000000000000000000000000001111111111111000000000000000000000000000000000000000000000000000000000000011000011111111111111111111111111111111111111111111111111
11111111111111111111111111111111111111111111111111111111000000000000000000000000000000000000000000000000000000001111111111111111110000000000000000000000000000000000000000000000000000000000001111111111111111000000000000000000000000000000000000000000000000000000001111111111111111111111111111111111111111111111111111111111
11111111111111111111111111111111111111111111111111111111000000000000000000000000000000000000000000000000000000111111111111111111110000000000000000000000000000000000000000000000000000000000001111111111111111110000000000000000000000000000000000000000000000000000001111111111111111111111111111111111111111111111111111111111
11111111111111111111111111111111111111111111111111111111000000000000000000000000000000000000000000000000000111111111111111111111100000000000000000000000000000000000000000000000000000000000001111111111111111111110000000000000000000000000000000000000000000000000001111111111111111111111111111111111111111111111111111111111
11111111111111111111111111111111111111111111111111111110000000000000000000000000000000000000000000000000011111111111111111111111100000000000000000000000000000000000000000000000000000000000000111111111111111111111110000000000000000000000000000000000000000000000000011111111111111111111111111111111111111111111111111111111
11111111111111111111111111111111111111111111111111110000000000000000000000000000000000000000000000000011111111111111111111111111110000000000000000000000000000000000000000000000000000000000001111111111111111111111111110000000000000000000000000000000000000000000000000111111111111111111111111111111111111111111111111111111
11111111111111111111100001111111111111111111110000000000000000000000000000000000000000000000000000001111111111111111111111111111110000000000000000000000000000000000000000000000000000000000011111111111111111111111111111100000000000000000000000000000000000000000000000000111111111111111111111111111111111111111111111111111
11111111111111111111110000000111111111110000000000000000000000000000000000000000000000000000000000111111111111111111111111111111110000000000000000000000000000000000000000000000000000000000011111111111111111111111111111111110000000000000000000000000000000000000000000000000111111111111111111111111111111111111111111111111
11111111111111111111110000000000000000000000000000000000000000000000000000000000000000000000000011111111111111111111111111111111110000000000000000000000000000000000000000000000000000000000001111111111111111111111111111111111100000000000000000000000000000000000000000000000000011111111111111111001111111111111111111111111
11111111111111111111111000000000000000000000000000000000000000000000000000000000000000000000001111111111111111111111111111111111110000000000000000000000000000000000000000000000000000000000001111111111111111111111111111111111111100000000000000000000000000000000000000000000000000001111111110000000111111111111111111111111
11111111111111111111111100000000000000000000000000000000000000000000000000000000000000000001111111111111111111111111111111111111100000000000000000000000000000000000000000000000000000000000001111111111111111111111111111111111111111100000000000000000000000000000000000000000000000000000000000000001111111111111111111111111
11111111111111111111111110000000000000000000000000000000000000000000000000000000000000000111111111111111111111111111111111111111100000000000000000000000000000000000000000000000000000000000000111111111111111111111111111111111111111111100000000000000000000000000000000000000000000000000000000000001111111111111111111111111
11111111111111111111111111100000000000000000000000000000000000000000000000000000000000111111111111111111111111111111111111111111100000000000000000000000000000000000000000000000000000000000000111111111111111111111111111111111111111111111100000000000000000000000000000000000000000000000000000000011111111111111111111111111
11111111111111111111111111110000000000000000000000000000000000000000000000000000000011111111111111111111111111111111111111111111000000000000000000000000000000000000000000000000000000000000000011111111111111111111111111111111111111111111111111000000000000000000000000000000000000000000000000000111111111111111111111111111
11111111111111111111111111111000000000000000000000000000000000000000000000000000001111111111111111111111111111111111111111111111000000000000000000000000000000000000000000000000000000000000000011111111111111111111111111111111111111111111111111111000000000000000000000000000000000000000000000001111111111111111111111111111
11111111111111111111111111111110000000000000000000000000000000000000000000000011111111111111111111111111111111111111111111111110000000000000000000000000000000000000000000000000000000000000000001111111111111111111111111111111111111111111111111111111000000000000000000000000000000000000000001111111111111111111111111111111
11111111111111111111111111111111100000000000000000000000000000000000000000011111111111111111111111111111111111111111111111111110000000000000000000000000000000000000000000000000000000000000000001111111111111111111111111111111111111111111111111111111111000000000000000000000000000000000001111111111111111111111111111111111
11111111111111111111111111111111111000000000000000000000000000000000001111111111111111111111111111111111111111111111111111111100000000000000000000000000000000000000000000000000000000000000000000111111111111111111111111111111111111111111111111111111111110000000000000000000000000000000111111111111111111111111111111111111
11111111111111111111111111111111111110000000000000000000000000000001111111111111111111111111111111111111111111111111111111111100000000000000000000000000000000000000000000000000000000000000000000111111111111111111111111111111111111111111111111111111111111100000000000000000000000000111111111111111111111111111111111111111
11111111111111111111111111111111111111100000000000000000000000011111111111111111111111111111111111111111111111111111111111111000000000000000000000000000000000000000000000000000000000000000000000011111111111111111111111111111111111111111111111111111111111111100000000000000000000011111111111111111111111111111111111111111
11111111111111111111111111111111111111111100000000000000000011111111111111111111111111111111111111111111111111111111111111111000000000000000000000000000000000000000000000000000000000000000000000011111111111111111111111111111111111111111111111111111111111111111000000000000000001111111111111111111111111111111111111111111
11111111111111111111111111111111111111111111110000000000111111111111111111111111111111111111111111111111111111111111111111110000000000000000000000000000000000000000000000000000000000000000000000001111111111111111111111111111111111111111111111111111111111111111111100001111111111111111111111111111111111111111111111111111
11111111111111111111111111111111111111111111111111111111111111111111111111111111111111111111111111111111111111111111111111110000000000000000000000000000000000000000000000000000000000000000000000001111111111111111111111111111111111111111111111111111111111111111111111111111111111111111111111111111111111111111111111111111
11111111111111111111111111111111111111111111111111111111111111111111111111111111111111111111111111111111111111111111111111110000000000000000000000000000000000000000000000000000000000000000000000001111111111111111111111111111111111111111111111111111111111111111111111111111111111111111111111111111111111111111111111111111
11111111111111111111111111111111111111111111111111111111111111111111111111111111111111111111111111111111111111111111111111100000000000000000000000000000000000000000000000000000000000000000000000000111111111111111111111111111111111111111111111111111111111111111111111111111111111111111111111111111111111111111111111111111
11111111111111111111111111111111111111111111111111111111111111111111111111111111111111111111111111111111111111111111111111100000000000000000000000000000000000000000000000000000000000000000000000000111111111111111111111111111111111111111111111111111111111111111111111111111111111111111111111111111111111111111111111111111
11111111111111111111111111111111111111111111111111111111111111111111111111111111111111111111111111111111111111111111111111000000000000000000000000000000000000000000000000000000000000000000000000000011111111111111111111111111111111111111111111111111111111111111111111111111111111111111111111111111111111111111111111111111
11111111111111111111111111111111111111111111111111111111111111111111111111111111111111111111111111111111111111111111111111000000000000000000000000000000000000000000000000000000000000000000000000000011111111111111111111111111111111111111111111111111111111111111111111111111111111111111111111111111111111111111111111111111
11111111111111111111111111111111111111111111111111111111111111111111111111111111111111111111111111111111111111111111111111000000000000000000000000000000000000000000000000000000000000000000000000000011111111111111111111111111111111111111111111111111111111111111111111111111111111111111111111111111111111111111111111111111
11111111111111111111111111111111111111111111111111111111111111111111111111111111111111111111111111111111111111111111111110000000000000000000000000000000000000000000000000000000000000000000000000000001111111111111111111111111111111111111111111111111111111111111111111111111111111111111111111111111111111111111111111111111
11111111111111111111111111111111111111111111111111111111111111111111111111111111111111111111111111111111111111111111111110000000000000000000000000000000000000000000000000000000000000000000000000000001111111111111111111111111111111111111111111111111111111111111111111111111111111111111111111111111111111111111111111111111
11111111111111111111111111111111111111111111111111111111111111111111111111111111111111111111111111111111111111111111111110000000000000000000000000000000000000000000000000000000000000000000000000000001111111111111111111111111111111111111111111111111111111111111111111111111111111111111111111111111111111111111111111111111
11111111111111111111111111111111111111111111111111111111111111111111111111111111111111111111111111111111111111111111111100000000000000000000000000000000000000000000000000000000000000000000000000000000111111111111111111111111111111111111111111111111111111111111111111111111111111111111111111111111111111111111111111111111
11111111111111111111111111111111111111111111111111111111111111111111111111111111111111111111111111111111111111111111111100000000000000000000000000000000000000000000000000000000000000000000000000000000111111111111111111111111111111111111111111111111111111111111111111111111111111111111111111111111111111111111111111111111
11111111111111111111111111111111111111111111111111111111111111111111111111111111111111111111111111111111111111111111111100000000000000000000000000000000000000000000000000000000000000000000000000000000111111111111111111111111111111111111111111111111111111111111111111111111111111111111111111111111111111111111111111111111
11111111111111111111111111111111111111111111111111111111111111111111111111111111111111111111111111111111111111111111111000000000000000000000000000000000000000000000000000000000000000000000000000000000011111111111111111111111111111111111111111111111111111111111111111111111111111111111111111111111111111111111111111111111
11111111111111111111111111111111111111111111111111111111111111111111111111111111111111111111111111111111111111111111111000000000000000000000000000000000000000000000000000000000000000000000000000000000011111111111111111111111111111111111111111111111111111111111111111111111111111111111111111111111111111111111111111111111
11111111111111111111111111111111111111111111111111111111111111111111111111111111111111111111111111111111111111111111111000000000000000000000000000000000000000000000000000000000000000000000000000000000011111111111111111111111111111111111111111111111111111111111111111111111111111111111111111111111111111111111111111111111
11111111111111111111111111111111111111111111111111111111111111111111111111111111111111111111111111111111111111111111110000000000000000000000000000000000000000000000000000000000000000000000000000000000001111111111111111111111111111111111111111111111111111111111111111111111111111111111111111111111111111111111111111111111
11111111111111111111111111111111111111111111111111111111111111111111111111111111111111111111111111111111111111111111110000000000000000000000000000000000000000000000000000000000000000000000000000000000001111111111111111111111111111111111111111111111111111111111111111111111111111111111111111111111111111111111111111111111
11111111111111111111111111111111111111111111111111111111111111111111111111111111111111111111111111111111111111111111110000000000000000000000000000000000000000000000000000000000000000000000000000000000001111111111111111111111111111111111111111111111111111111111111111111111111111111111111111111111111111111111111111111111
